   1.2162070e+02
   1.2476110e+02
   1.3101397e+02
   1.2017353e+02
   1.5482397e+02
   1.6008650e+02
   1.5323460e+02
   1.4543883e+02
   1.5288803e+02
   1.3793603e+02
   1.2730977e+02
   1.2513487e+02
   1.5428937e+02
   1.2679377e+02
   1.3061687e+02
   1.4752190e+02
   1.3032337e+02
   1.3451697e+02
   1.5636467e+02
   1.4522903e+02
   1.7508570e+02
   1.5468900e+02
   1.6299450e+02
   1.2943210e+02
   1.3766727e+02
   1.3317840e+02
   1.0253412e+02
   2.2027777e+02
   1.4831200e+02
   1.3408047e+02
   1.2575930e+02
   1.3070593e+02
   1.0613115e+02
   1.2859133e+02
   1.2119273e+02
   1.3134427e+02
   1.4169413e+02
   1.2647783e+02
   1.6534230e+02
   1.7887280e+02
   1.7759123e+02
   1.2029797e+02
   1.3479123e+02
   1.8497550e+02
   1.5222110e+02
   1.3044043e+02
   1.6473830e+02
   1.5882850e+02
   1.3663893e+02
   1.5325257e+02
   1.5265700e+02
   1.1753443e+02
   1.2337573e+02
   1.3409890e+02
   1.1101613e+02
   1.1970673e+02
   1.4122677e+02
   1.0669533e+02
   1.0481158e+02
   1.3326740e+02
   1.2424727e+02
   1.0857812e+02
   1.2033910e+02
   1.0290916e+02
   1.1688700e+02
   1.1184003e+02
   9.7664403e+01
   1.3954033e+02
   1.3450450e+02
   1.1731443e+02
   1.7645923e+02
   1.6162923e+02
   1.2932870e+02
   1.0948024e+02
   1.2643507e+02
   1.1014431e+02
   1.1576368e+02
   1.4297840e+02
   1.1306941e+02
   1.8165650e+02
   1.7110143e+02
   1.4990730e+02
   1.9429150e+02
   2.3188470e+02
   1.5669403e+02
   1.3525753e+02
   1.7154227e+02
   1.7982593e+02
   2.2318260e+02
   1.6553517e+02
   1.3326237e+02
   1.1852953e+02
   1.2490367e+02
   1.2476757e+02
   1.3254933e+02
   1.2817617e+02
   9.3638700e+01
   1.1197520e+02
   1.1967428e+02
   1.0447223e+02
   1.0744528e+02
   1.2227263e+02
   1.2182804e+02
   9.4327650e+01
   1.0820465e+02
   1.0191963e+02
   1.2230532e+02
   1.4396717e+02
   1.8260793e+02
   1.3349677e+02
   1.8077503e+02
   2.3555543e+02
   2.2398367e+02
   1.5088777e+02
   1.4562467e+02
   1.3935473e+02
   1.6680747e+02
   1.6580727e+02
   2.1756087e+02
   1.9707400e+02
   1.7119343e+02
   1.6966010e+02
   2.8881547e+02
   1.9716043e+02
   1.6072313e+02
   1.7919307e+02
   1.9707143e+02
   2.3694260e+02
