   2.5171527e+01
   2.5467696e+01
   2.4863973e+01
   2.5184453e+01
   2.3784917e+01
   2.4792848e+01
   2.4547910e+01
   2.4324842e+01
   2.4860300e+01
   2.5518221e+01
   2.4968676e+01
   2.5091875e+01
   2.5417079e+01
   2.4287425e+01
   2.5280212e+01
   2.4590330e+01
   2.4818970e+01
   2.5428768e+01
   2.4298131e+01
   2.4632534e+01
   2.5076734e+01
   2.4208946e+01
   2.4216403e+01
   2.5144348e+01
   2.5451898e+01
   2.5283141e+01
   2.4612895e+01
   2.4589954e+01
   2.4439053e+01
   2.5032516e+01
   2.5299512e+01
   2.4208853e+01
   2.5114422e+01
   2.4880211e+01
   2.5789508e+01
   2.4436824e+01
   2.4653113e+01
   2.5031751e+01
   2.4154551e+01
   2.3850342e+01
   2.3761277e+01
   2.5031530e+01
   2.4843523e+01
   2.4116563e+01
   2.5182661e+01
   2.4524789e+01
   2.4466712e+01
   2.5025664e+01
   2.4520334e+01
   2.4517071e+01
   2.4299267e+01
   2.4044268e+01
   2.4223807e+01
   2.4231693e+01
   2.4686821e+01
   2.4777245e+01
   2.2045213e+01
   2.4122432e+01
   2.3520428e+01
   2.3850968e+01
   2.3699433e+01
   2.2956982e+01
   2.1987455e+01
   2.2793031e+01
   2.1961682e+01
   2.1600060e+01
   2.2763229e+01
   2.2252541e+01
   2.2792164e+01
   2.2828804e+01
   2.3566983e+01
   2.4003555e+01
   2.4525365e+01
   2.3970492e+01
   2.4624168e+01
   2.4421998e+01
   2.5077826e+01
   2.4944560e+01
   2.4646159e+01
   2.5292191e+01
   2.4987738e+01
   2.5226472e+01
   2.5809348e+01
   2.4939277e+01
   2.5678094e+01
   2.5154801e+01
   2.5285181e+01
   2.5380584e+01
   2.4818009e+01
   2.5038181e+01
   2.5694657e+01
   2.5565248e+01
   2.5253752e+01
   2.5691101e+01
   2.5074054e+01
   2.5667058e+01
   2.5270622e+01
   2.6248411e+01
   2.5610232e+01
   2.5743238e+01
   2.5577209e+01
   2.5034989e+01
   2.4198637e+01
   2.5043639e+01
   2.5340514e+01
   2.5126694e+01
   2.4951141e+01
   2.5280335e+01
   2.5055037e+01
   2.5372537e+01
   2.5137791e+01
   2.5710920e+01
   2.4519683e+01
   2.5074324e+01
   2.5633525e+01
   2.5215573e+01
   2.5089438e+01
   2.5474137e+01
   2.4832452e+01
   2.5232344e+01
   2.5417589e+01
   2.5834216e+01
   2.4850964e+01
   2.5224477e+01
   2.5454202e+01
   2.5228263e+01
   2.4627344e+01
   2.4991050e+01
