   3.4483705e+01
   2.3620113e+01
   1.6018338e+01
   2.1427747e+01
   2.5743135e+01
   2.2305004e+01
   1.5387151e+01
   2.3476208e+01
   2.4392011e+01
   2.2582758e+01
   1.0291648e+01
   2.2743987e+01
   2.4722405e+01
   1.7988280e+01
   1.3711730e+01
   2.1462311e+01
   1.6672425e+01
   1.8056691e+01
   1.2110058e+01
   1.5813924e+01
   1.6621681e+01
   1.8470000e+01
   1.4539000e+01
   1.4704718e+01
   1.9994080e+01
   1.6478585e+01
   1.3893124e+01
   2.0404716e+01
   1.9556481e+01
   1.4931416e+01
   1.2455213e+01
   1.8201608e+01
   1.6331424e+01
   1.7120672e+01
   1.5560430e+01
   2.3201713e+01
   2.1829574e+01
   1.5073889e+01
   1.6957428e+01
   1.3990943e+01
   1.6301263e+01
   1.3853110e+01
   1.2329408e+01
   1.3212174e+01
   1.6900289e+01
   2.1353333e+01
   1.5611056e+01
   1.6735289e+01
   1.9815373e+01
   2.3277899e+01
   1.3995820e+01
   1.8631576e+01
   1.9675193e+01
   1.9294916e+01
   1.4397449e+01
   1.7649001e+01
   2.5070301e+01
   1.8110226e+01
   1.4096522e+01
   1.6744121e+01
   1.4668313e+01
   2.5179547e+01
   1.5583728e+01
   1.2731527e+01
   1.6088221e+01
   1.8195129e+01
   1.6288524e+01
   1.8071234e+01
   2.1975155e+01
   2.9456568e+01
   2.1558084e+01
   1.8736726e+01
   2.4785064e+01
   2.4162146e+01
   2.2607862e+01
   2.1270356e+01
   2.6923284e+01
   2.5023151e+01
   2.0320077e+01
   2.0461070e+01
   3.0666755e+01
   3.1203269e+01
   1.9329555e+01
   2.2930982e+01
   3.0463182e+01
   2.4544091e+01
   2.1521521e+01
   2.1112736e+01
   2.7651196e+01
   3.1918353e+01
   2.2690894e+01
   2.6874613e+01
   3.2483723e+01
   3.2554648e+01
   2.1217144e+01
   2.3692012e+01
   2.9357953e+01
   3.4249622e+01
   2.2202476e+01
   2.2943272e+01
   2.7154787e+01
   3.0964181e+01
   3.0761085e+01
   3.5730324e+01
   4.5155908e+01
   3.7393797e+01
   3.2593364e+01
   3.1280388e+01
   3.6387483e+01
   4.7620720e+01
   2.4409897e+01
   4.6713212e+01
   4.6565856e+01
   4.1778902e+01
   3.9721855e+01
   4.1642158e+01
   3.8085800e+01
   3.7931609e+01
   2.8805644e+01
   3.4546137e+01
   4.1316096e+01
   4.9379931e+01
   4.2856978e+01
   4.3235185e+01
   4.8789319e+01
   4.5161463e+01
   5.3069150e+01
   5.0632389e+01
