   1.9812500e+03
   1.9815000e+03
   1.9817500e+03
   1.9820000e+03
   1.9822500e+03
   1.9825000e+03
   1.9827500e+03
   1.9830000e+03
   1.9832500e+03
   1.9835000e+03
   1.9837500e+03
   1.9840000e+03
   1.9842500e+03
   1.9845000e+03
   1.9847500e+03
   1.9850000e+03
   1.9852500e+03
   1.9855000e+03
   1.9857500e+03
   1.9860000e+03
   1.9862500e+03
   1.9865000e+03
   1.9867500e+03
   1.9870000e+03
   1.9872500e+03
   1.9875000e+03
   1.9877500e+03
   1.9880000e+03
   1.9882500e+03
   1.9885000e+03
   1.9887500e+03
   1.9890000e+03
   1.9892500e+03
   1.9895000e+03
   1.9897500e+03
   1.9900000e+03
   1.9902500e+03
   1.9905000e+03
   1.9907500e+03
   1.9910000e+03
   1.9912500e+03
   1.9915000e+03
   1.9917500e+03
   1.9920000e+03
   1.9922500e+03
   1.9925000e+03
   1.9927500e+03
   1.9930000e+03
   1.9932500e+03
   1.9935000e+03
   1.9937500e+03
   1.9940000e+03
   1.9942500e+03
   1.9945000e+03
   1.9947500e+03
   1.9950000e+03
   1.9952500e+03
   1.9955000e+03
   1.9957500e+03
   1.9960000e+03
   1.9962500e+03
   1.9965000e+03
   1.9967500e+03
   1.9970000e+03
   1.9972500e+03
   1.9975000e+03
   1.9977500e+03
   1.9980000e+03
   1.9982500e+03
   1.9985000e+03
   1.9987500e+03
   1.9990000e+03
   1.9992500e+03
   1.9995000e+03
   1.9997500e+03
   2.0000000e+03
   2.0002500e+03
   2.0005000e+03
   2.0007500e+03
   2.0010000e+03
   2.0012500e+03
   2.0015000e+03
   2.0017500e+03
   2.0020000e+03
   2.0022500e+03
   2.0025000e+03
   2.0027500e+03
   2.0030000e+03
   2.0032500e+03
   2.0035000e+03
   2.0037500e+03
   2.0040000e+03
   2.0042500e+03
   2.0045000e+03
   2.0047500e+03
   2.0050000e+03
   2.0052500e+03
   2.0055000e+03
   2.0057500e+03
   2.0060000e+03
   2.0062500e+03
   2.0065000e+03
   2.0067500e+03
   2.0070000e+03
   2.0072500e+03
   2.0075000e+03
   2.0077500e+03
   2.0080000e+03
   2.0082500e+03
   2.0085000e+03
   2.0087500e+03
   2.0090000e+03
   2.0092500e+03
   2.0095000e+03
   2.0097500e+03
   2.0100000e+03
   2.0102500e+03
   2.0105000e+03
   2.0107500e+03
   2.0110000e+03
   2.0112500e+03
   2.0115000e+03
   2.0117500e+03
   2.0120000e+03
   2.0122500e+03
   2.0125000e+03
   2.0127500e+03
   2.0130000e+03
